20sets
set sizes:[3000. 3000. 3000. 3000. 3000. 3000. 3000. 3000. 3000. 3000. 3000. 3000.
 3000. 3000. 3000. 3000. 3000. 3000. 3000. 3000.]
Pi_i:[0.85833482 0.31950868 0.19047684 0.21195599 0.70175513 0.39133807
 0.10461149 0.43371749 0.7855541  0.48807819 0.43684447 0.37956654
 0.62447041 0.13053216 0.15844403 0.67027269 0.7589892  0.33749129
 0.22914344 0.35737146]
Pi_D:0.4926
rho_i:[0.05, 0.05, 0.05, 0.05, 0.05, 0.05, 0.05, 0.05, 0.05, 0.05, 0.05, 0.05, 0.05, 0.05, 0.05, 0.05, 0.05, 0.05, 0.05, 0.05]
learing rate:1e-05
lr decay:0.0001
